list(x=c(1.00000E+00, 2.00000E+00, 3.00000E+00, 4.00000E+00, 5.00000E+00, 6.00000E+00, 7.00000E+00, 8.00000E+00, 9.00000E+00, 1.00000E+01), y=c(5.19000E+00, 6.56000E+00, 9.19000E+00, 8.09000E+00, 7.60000E+00, 7.08000E+00, 6.74000E+00, 9.30000E+00, 8.98000E+00, 1.15000E+01))
