list(a=4.93175E+00, b=1.09767E+00, sigma=9.09588E-01)
