list(a=1.15669E+01, b=3.81365E-03, sigma=1.01422E+00)
