list(a=2.99552E+00, b=5.57922E-01, sigma=1.40923E+00)
